1	201501	1	921	221	80006450	0	EQUIPO MEDICO DE EMERGENCIAS PY SRL	3315906	8	JORGE RODRIGUEZ	494	651193367	2
2	80014772	3	COOP MEDALLA MILAGROSA LIMITADA	1	001-003-0011479	30/01/2015	2727273	272727	0	0	0	3000000	2	1	0
2	80014772	3	COOP MEDALLA MILAGROSA LIMITADA	1	001-003-0011480	30/01/2015	3127273	312727	0	0	0	3440000	2	1	0
2	80010839	6	PRE-MEDIC SA PROSALUD	1	001-003-0010884	31/01/2015	490909	49091	0	0	0	540000	2	1	0
2	144997-	4	DOLL HEINZ GERHARD	1	001-001-023753	01/01/2015	133636	13364	0	0	0	147000	2	1	10757303
2	1497352	9	OSORIO HASEK MERLINA CLAER	1	001-001-024099	01/01/2015	46818	4682	0	0	0	51500	2	1	10757303
2	265030	4	TORRES PETTENGIL GUSTAVO JULIAN	1	001-001-024411	01/01/2015	28636	2864	0	0	0	31500	2	1	10757303
2	551163	1	ROTELA AMARILLA GABRIELA	1	001-001-024458	01/01/2015	65000	6500	0	0	0	71500	2	1	10757303
2	437365	0	CAIVANO ESPINOZA LUIS EDUARDO	1	001-001-024622	01/01/2015	84545	8455	0	0	0	93000	2	1	10757303
2	930705	2	AGUILAR DELVALLE ERASMO LUIS	1	001-001-024652	01/01/2015	385000	38500	0	0	0	423500	2	1	10757303
2	1129048	0	ORTELLADO ESPINOZA LORENA ELIZABETH	1	001-001-024687	01/01/2015	196364	19636	0	0	0	216000	2	1	10757303
2	421520	6	ARMOA DE GENES MARTHA ESPERANZA	1	001-001-024699	01/01/2015	236364	23636	0	0	0	260000	2	1	10757303
2	853759	3	VILLAGRA STARK DARIO CONSTANTINO	1	001-001-024770	01/01/2015	33636	3364	0	0	0	37000	2	1	10757303
2	551471-	1	ROLON DEL PUERTO GUILLERMO JOSE	1	001-001-024815	01/01/2015	154091	15409	0	0	0	169500	2	1	10757303
2	1111222-	0	VACANTE JORGE ALBERTO	1	001-001-024882	01/01/2015	99091	9909	0	0	0	109000	2	1	10757303
2	1111222-	0	VACANTE JORGE ALBERTO	1	001-001-024883	01/01/2015	125455	12545	0	0	0	138000	2	1	10757303
2	567732	7	SOSKY DE NEUMANN SYLVIA	1	001-001-024885	01/01/2015	90455	9045	0	0	0	99500	2	1	10757303
2	80025388-	4	CAMINO REAL S.A.	1	001-001-024897	01/01/2015	125455	12545	0	0	0	138000	2	1	10757303
2	368326	5	AMSATRI	1	001-003-008898	01/01/2015	100000	10000	0	0	0	110000	2	1	0
2	80055341	1	ASOC. DE PADRES DEL COLEGIO JAPONES PARAGUAYO	1	001-003-009726	01/01/2015	109091	10909	0	0	0	120000	2	1	0
2	80021764	0	UNIV.CATOLICA NTRA.SRA.DE LA AS.	1	001-003-010204	01/01/2015	50000	5000	0	0	0	55000	2	1	0
2	80035614	4	FINE S.A.	1	001-003-010438	01/01/2015	15364	1536	0	0	0	16900	2	1	0
2	80031571	5	CONG.RELIG.MA.INMACULADA	1	001-003-010439	01/01/2015	68455	6845	0	0	0	75300	2	1	0
2	80040323	1	CAMAQ S.A.	1	001-003-010442	01/01/2015	81818	8182	0	0	0	90000	2	1	0
2	80009699	1	DISTRIBUCION Y TRANSPORTE	1	001-003-010448	01/01/2015	158727	15873	0	0	0	174600	2	1	0
2	80015056	2	DUTRIEC S.A.	1	001-003-010451	01/01/2015	129273	12927	0	0	0	142200	2	1	0
2	80002660	8	ARCORPAR S.A	1	001-003-010458	01/01/2015	618545	61855	0	0	0	680400	2	1	0
2	80026056	2	ACCECORT S.R.L.	1	001-003-010459	01/01/2015	268182	26818	0	0	0	295000	2	1	0
2	80024966	6	DIMGESA	1	001-003-010461	01/01/2015	200455	20045	0	0	0	220500	2	1	0
2	80013392	7	PTOS Y ALM GRAL KANONNIKOFF SA	1	001-003-010462	01/01/2015	180909	18091	0	0	0	199000	2	1	0
2	80027139	4	BASE BASE S.A.	1	001-003-010469	01/01/2015	343273	34327	0	0	0	377600	2	1	0
2	80008038	6	PARANA FUNCIONAL SACTI	1	001-003-010472	01/01/2015	42909	4291	0	0	0	47200	2	1	0
2	80025388-	4	CAMINO REAL S.A.	1	001-001-3273	01/01/2015	125455	12545	0	0	0	138000	1	0	0
2	567732	7	SOSKY DE NEUMANN SYLVIA	1	001-001-3285	01/01/2015	90455	9045	0	0	0	99500	1	0	0
2	1111222-	0	VACANTE JORGE ALBERTO	1	001-001-3286	01/01/2015	125455	12545	0	0	0	138000	1	0	0
2	1111222-	0	VACANTE JORGE ALBERTO	1	001-001-3288	01/01/2015	99091	9909	0	0	0	109000	1	0	0
2	265030	4	TORRES PETTENGIL GUSTAVO JULIAN	1	001-001-3347	01/01/2015	28636	2864	0	0	0	31500	1	0	0
2	551163	1	ROTELA AMARILLA GABRIELA	1	001-001-3407	01/01/2015	65000	6500	0	0	0	71500	1	0	0
2	144997-	4	DOLL HEINZ GERHARD	1	001-001-4082	01/01/2015	133636	13364	0	0	0	147000	1	0	0
2	1497352	9	OSORIO HASEK MERLINA CLAER	1	001-001-4209	01/01/2015	46818	4682	0	0	0	51500	1	0	0
2	930705	2	AGUILAR DELVALLE ERASMO LUIS	1	001-001-4377	01/01/2015	385000	38500	0	0	0	423500	1	0	0
2	421520	6	ARMOA DE GENES MARTHA ESPERANZA	1	001-001-4401	01/01/2015	236364	23636	0	0	0	260000	1	0	0
2	551471-	1	ROLON DEL PUERTO GUILLERMO JOSE	1	001-001-4440	01/01/2015	154091	15409	0	0	0	169500	1	0	0
2	853759	3	VILLAGRA STARK DARIO CONSTANTINO	1	001-001-4507	01/01/2015	33636	3364	0	0	0	37000	1	0	0
2	437365	0	CAIVANO ESPINOZA LUIS EDUARDO	1	001-001-4624	01/01/2015	84545	8455	0	0	0	93000	1	0	0
2	80006868	8	WACKENHUT PARAGUAY S.A.	1	001-001-49564	01/01/2015	2363636	236364	0	0	0	2600000	2	1	0
2	80009085	3	ELECTROPAR S.A.	1	001-001-49565	01/01/2015	1809000	180900	0	0	0	1989900	2	1	0
2	80059130	5	ASOCIACION MINISTERIO ALTO REFUGIO	1	001-001-51149	01/01/2015	525455	52545	0	0	0	578000	2	1	0
2	80002465	6	CUEVAS HNOS. S.A.	1	001-001-51150	01/01/2015	1481818	148182	0	0	0	1630000	2	1	0
2	2667790	3	GIMNASIO IL CORPO	1	001-001-51151	01/01/2015	118182	11818	0	0	0	130000	2	1	0
2	1111222	0	VACANTE JORGE	1	001-001-51152	01/01/2015	162273	16227	0	0	0	178500	2	1	0
2	80026293	0	F.I.F.Y. S.A.	1	001-001-51153	01/01/2015	363636	36364	0	0	0	400000	2	1	0
2	80077896	0	GRUPO AGL S.A.	1	001-001-51154	01/01/2015	300000	30000	0	0	0	330000	2	1	0
2	2667790	3	GIMNASIO CERRO GYM	1	001-001-51155	01/01/2015	146364	14636	0	0	0	161000	2	1	0
2	80028802	5	CLUB CERRO PORTEÑO	1	001-001-51156	01/01/2015	1600000	160000	0	0	0	1760000	2	1	0
2	2142983	9	LILIANA CAROLINA MORRO AYALA	1	001-001-51158	01/01/2015	272727	27273	0	0	0	300000	2	1	0
2	574904	2	GIMNASIO MUSCULOMANIA	1	001-001-51159	01/01/2015	87273	8727	0	0	0	96000	2	1	0
2	80020419	0	LAVANDERIA INDUSTRIAL	1	001-001-51160	01/01/2015	641818	64182	0	0	0	706000	2	1	0
2	427270	6	ESC.BAS.GUA.RINCON DE CHIQUITUNGA	1	001-001-51161	01/01/2015	245455	24545	0	0	0	270000	2	1	0
2	2482664	2	FANNY DIANA MERELES	1	001-001-51162	01/01/2015	227273	22727	0	0	0	250000	2	1	0
2	80000001	3	NAVIERA CONOSUR S.A.	1	001-001-51163	01/01/2015	500000	50000	0	0	0	550000	2	1	0
2	1531913	1	INYEPLAST	1	001-001-51164	01/01/2015	213636	21364	0	0	0	235000	2	1	0
2	80067946	6	YERUTISOL S.A.	1	001-001-51165	01/01/2015	250000	25000	0	0	0	275000	2	1	0
2	80081858	0	BODY & MIND S.A.	1	001-001-51166	01/01/2015	243636	24364	0	0	0	268000	2	1	0
2	80026320	0	FUNDACION PROED	1	001-001-51167	01/01/2015	417273	41727	0	0	0	459000	2	1	0
2	80033740	9	TRADE SOLUTIONS S.A.	1	001-001-51168	01/01/2015	175455	17545	0	0	0	193000	2	1	0
2	80016715	5	COMTEL S.A.	1	001-001-51169	01/01/2015	454545	45455	0	0	0	500000	2	1	0
2	707058	6	LOFFLER GASTRONOMIA	1	001-001-51170	01/01/2015	262727	26273	0	0	0	289000	2	1	0
2	80029481	5	UNIVERSIDAD POLITECNICA Y ARTISTICA	1	001-001-51171	01/01/2015	3000000	300000	0	0	0	3300000	2	1	0
2	80082832	1	FUNDACION FRANJEADA	1	001-001-51172	01/01/2015	1363636	136364	0	0	0	1500000	2	1	0
2	80007878	0	CONSEJO DE LA MAGISTRATURA	1	001-001-51173	01/01/2015	4800000	480000	0	0	0	5280000	2	1	0
2	4804660	4	SEGUNDO HOGAR DE ANCIANOS	1	001-001-51174	01/01/2015	213636	21364	0	0	0	235000	2	1	0
2	3641049	7	SMALL SEEDS PRESCHOOL	1	001-001-51175	01/01/2015	227273	22727	0	0	0	250000	2	1	0
2	80079079	0	CONSORCIO LAS TAKUARAS - SOLAR PERRIER	1	001-001-51176	01/01/2015	300000	30000	0	0	0	330000	2	1	0
2	80026565	3	IMPERPLAST INGENIERIA S.R.L.	1	001-001-51177	01/01/2015	133636	13364	0	0	0	147000	2	1	0
2	80023379	4	LABORATORIOS LIBRA PARAGUAY S.A.	1	001-001-51178	01/01/2015	119091	11909	0	0	0	131000	2	1	0
2	411591	0	MUEBLERIA NUÑEZ	1	001-001-51179	01/01/2015	103636	10364	0	0	0	114000	2	1	0
2	80030560	4	BBs NURSERY S.R.L.	1	001-001-51180	01/01/2015	227273	22727	0	0	0	250000	2	1	0
2	80051347	9	PASO DE PATRIA S.A.	1	001-001-51181	01/01/2015	200000	20000	0	0	0	220000	2	1	0
2	80011002	1	OBH S.A.	1	001-001-51182	01/01/2015	330909	33091	0	0	0	364000	2	1	0
2	80060080	0	SENDEROS DEL NORTE	1	001-001-51183	01/01/2015	248182	24818	0	0	0	273000	2	1	0
2	80007678	8	CENTRO OFTALMOLOGICO DE DIAG. Y TRAT. S.A.	1	001-001-51185	01/01/2015	286364	28636	0	0	0	315000	2	1	0
2	80029437	8	UNION DE RUGBY DEL PY	1	001-001-51186	01/01/2015	1125455	112545	0	0	0	1238000	2	1	0
2	80021764	0	UNIV.CATOLICA NTRA.SRA.DE LA AS.	1	001-001-51187	01/01/2015	3507955	350795	0	0	0	3858750	2	1	0
2	80021607	5	EL PRODUCTOR S.A.	1	001-001-51188	01/01/2015	641818	64182	0	0	0	706000	2	1	0
2	2996659	0	FAST FOOD D Y D FRUTERIA	1	001-001-51189	01/01/2015	109091	10909	0	0	0	120000	2	1	0
2	229350	1	OSCAR LUIS TUMA	1	001-001-51190	01/01/2015	143636	14364	0	0	0	158000	2	1	0
2	80075520	0	RUVAL S.A.	1	001-001-51191	01/01/2015	800000	80000	0	0	0	880000	2	1	0
2	2167685	2	MARIA DE JESUS ROLON FLEITAS	1	001-001-51192	01/01/2015	209091	20909	0	0	0	230000	2	1	0
2	80010024	7	COOPERATIVA COFAN LTDA	1	001-001-51193	01/01/2015	220000	22000	0	0	0	242000	2	1	0
2	80005677	9	INABANC	1	001-001-51194	01/01/2015	200000	20000	0	0	0	220000	2	1	0
2	1478616	6	ENIS OKURDIL	1	001-001-51195	01/01/2015	154545	15455	0	0	0	170000	2	1	0
2	80031647	9	UNIVERSIDAD IBEROAMERICANA	1	001-001-51196	01/01/2015	1100000	110000	0	0	0	1210000	2	1	0
2	80002760	4	RUMBOS S.A. DE SEGUROS	1	001-001-51197	01/01/2015	350000	35000	0	0	0	385000	2	1	0
2	80024730	2	SCORPIO S.R.L. (DELICITY)	1	001-001-51198	01/01/2015	125455	12545	0	0	0	138000	2	1	0
2	80003133	4	INMOBILIARIA GENERAL S.A.	1	001-001-51199	01/01/2015	111818	11182	0	0	0	123000	2	1	0
2	80008026	2	DINAMICA SRL(VEHIC.PROT)	1	001-001-51200	01/01/2015	104545	10455	0	0	0	115000	2	1	0
2	80026747	4	COLEGIO DE ESCRIBANOS DEL PY	1	001-001-51201	01/01/2015	688182	68818	0	0	0	757000	2	1	0
2	80084839	0	MICRONAL INSTRUMENTOS DE PRECISION S. A.	1	001-001-51202	01/01/2015	114545	11455	0	0	0	126000	2	1	0
2	800045366	2	DHARMA S.A.	1	001-001-51203	01/01/2015	260000	26000	0	0	0	286000	2	1	0
2	80029208	1	CLUB LIBERTAD	1	001-001-51204	01/01/2015	1100000	110000	0	0	0	1210000	2	1	0
2	80057640	3	EMPRENDE S.A.	1	001-001-51205	01/01/2015	3745455	374545	0	0	0	4120000	2	1	0
2	80016386	9	L ACERIE S.A.	1	001-001-51206	01/01/2015	462727	46273	0	0	0	509000	2	1	0
2	80047111	3	CLAN CACERES	1	001-001-51207	01/01/2015	146364	14636	0	0	0	161000	2	1	0
2	80002726	4	GRAN HOTEL DEL PARAGUAY S.A.	1	001-001-51208	01/01/2015	318182	31818	0	0	0	350000	2	1	0
2	80022764	6	BELLA SRL	1	001-001-51209	01/01/2015	150909	15091	0	0	0	166000	2	1	0
2	80002612	8	RIEDER Y CIA. S.A.	1	001-001-51210	01/01/2015	1605455	160545	0	0	0	1766000	2	1	0
2	525670	4	NORA RUOTTI - VILLA JARDIN	1	001-001-51211	01/01/2015	213636	21364	0	0	0	235000	2	1	0
2	80058911	4	FRIGORIFICO SAN PEDRO S.A.	1	001-001-51212	01/01/2015	500000	50000	0	0	0	550000	2	1	0
2	80079642	0	LOGA S.R.L.	1	001-001-51213	01/01/2015	200000	20000	0	0	0	220000	2	1	0
2	829569	7	ÑA DIGNA ROGA	1	001-001-51214	01/01/2015	300000	30000	0	0	0	330000	2	1	0
2	80059672	2	GIUFA S.R.L.	1	001-001-51215	01/01/2015	243636	24364	0	0	0	268000	2	1	0
2	80007054	5	RADIO ¥ANDUTI	1	001-001-51217	01/01/2015	606364	60636	0	0	0	667000	2	1	0
2	5961502	8	DANIEL CARLOS ZANON	1	001-001-51218	01/01/2015	200000	20000	0	0	0	220000	2	1	0
2	80048348	0	PIZZANDAU	1	001-001-51219	01/01/2015	154545	15455	0	0	0	170000	2	1	0
2	80004928	4	BAR SAN MIGUEL	1	001-001-51220	01/01/2015	139091	13909	0	0	0	153000	2	1	0
2	80059684	6	NEW SANTI S.A.	1	001-001-51221	01/01/2015	330000	33000	0	0	0	363000	2	1	0
2	80009047	0	RILAPE S.A.	1	001-001-51222	01/01/2015	262727	26273	0	0	0	289000	2	1	0
2	80008846	8	ASUNCION TENIS CLUB	1	001-001-51223	01/01/2015	281818	28182	0	0	0	310000	2	1	0
2	80017124	1	GRUPO GENERAL DE SEGUROS	1	001-001-51224	01/01/2015	168182	16818	0	0	0	185000	2	1	0
2	80008892	1	QUALITY S.A.	1	001-001-51225	01/01/2015	397273	39727	0	0	0	437000	2	1	0
2	4721116	4	CEI ODONTOLOGIA	1	001-001-51226	01/01/2015	139091	13909	0	0	0	153000	2	1	0
2	645940	4	MARIA ELIZABETH BRIZUELA	1	001-001-51227	01/01/2015	120000	12000	0	0	0	132000	2	1	0
2	80051290	1	ECOSER S.A. (BONGOYAVA)	1	001-001-51228	01/01/2015	105000	10500	0	0	0	115500	2	1	0
2	80054651	2	MAMON S.R.L.	1	001-001-51229	01/01/2015	250000	25000	0	0	0	275000	2	1	0
2	80029733	4	CLUB OLIMPIA	1	001-001-51230	01/01/2015	1090909	109091	0	0	0	1200000	2	1	0
2	80054085	9	INSTITUTO DE ODONTOLOGIA AVANZADA	1	001-001-51231	01/01/2015	213636	21364	0	0	0	235000	2	1	0
2	796249	5	BEAUTY SHOP BY EDITH PFANNL	1	001-001-51232	01/01/2015	213636	21364	0	0	0	235000	2	1	0
2	80053495	6	MAS EMPRENDIMIENTOS SRL	1	001-001-51233	01/01/2015	190000	19000	0	0	0	209000	2	1	0
2	80013392	7	PTOS Y ALM GRAL KANONNIKOFF SA	1	001-001-51234	01/01/2015	842727	84273	0	0	0	927000	2	1	0
2	80016916	6	INDUSTRIA DEL BORDADO SA	1	001-001-51235	01/01/2015	300000	30000	0	0	0	330000	2	1	0
2	80028764	9	UNIVERSIDAD AUTONOMA DEL PARAGUAY S.A.	1	001-001-51236	01/01/2015	772727	77273	0	0	0	850000	2	1	0
2	80001848	6	CASA ROSADA S.A.	1	001-001-51237	01/01/2015	518182	51818	0	0	0	570000	2	1	0
2	80002904	6	AGPAR S.A.	1	001-001-51238	01/01/2015	345455	34545	0	0	0	380000	2	1	0
2	80001455	3	COOPERSAM LTDA	1	001-001-51239	01/01/2015	220000	22000	0	0	0	242000	2	1	0
2	80048887	3	DON MARIO S.R.L.	1	001-001-51240	01/01/2015	320909	32091	0	0	0	353000	2	1	0
2	80010312	2	JEMA SRL	1	001-001-51241	01/01/2015	291818	29182	0	0	0	321000	2	1	0
2	80031246	5	CLUB GUARANI	1	001-001-51242	01/01/2015	1750000	175000	0	0	0	1925000	2	1	0
2	308709	3	GLORIA VAZQUEZ DE CASTILLO	1	001-001-51244	01/01/2015	227273	22727	0	0	0	250000	2	1	0
2	778315	9	PATRICIA NILDA MANAVELLA DE BONNIN	1	001-001-51245	01/01/2015	190909	19091	0	0	0	210000	2	1	0
2	80012246	1	BDO AUDITORES Y CONSULTORES	1	001-001-51246	01/01/2015	1011364	101136	0	0	0	1112500	2	1	0
2	932079	2	OHARA ESCUELA INTEGRAL GASTRONOMICA	1	001-001-51247	01/01/2015	136364	13636	0	0	0	150000	2	1	0
2	80007417	3	ASINFICO SA	1	001-001-51248	01/01/2015	200000	20000	0	0	0	220000	2	1	0
2	80028314	7	VESSEL ATLANTICA S.A.	1	001-001-51249	01/01/2015	1118182	111818	0	0	0	1230000	2	1	0
2	393840	9	SOLUCCION	1	001-001-51250	01/01/2015	200000	20000	0	0	0	220000	2	1	0
2	80021764	0	UNIV.CATOLICA NTRA.SRA.DE LA AS.	1	001-001-51253	01/01/2015	1050000	105000	0	0	0	1155000	2	1	0
2	80005107	6	COMPAÑIA CERVECERA ASUNCION S.A.	1	001-001-51254	01/01/2015	400000	40000	0	0	0	440000	2	1	0
2	80047390	6	COOPEJUIPS LTDA	1	001-001-51255	01/01/2015	4090909	409091	0	0	0	4500000	2	1	0
2	80018328	2	UNIV.DEL CONO SUR DE LAS AMERICAS	1	001-001-51256	01/01/2015	1146364	114636	0	0	0	1261000	2	1	0
2	80071478	4	PY COMUNICACIONES S.A.	1	001-001-51257	01/01/2015	200000	20000	0	0	0	220000	2	1	0
2	80002888	0	DON VITO S.R.L.	1	001-001-51258	01/01/2015	980909	98091	0	0	0	1079000	2	1	0
2	104617	9	FRANCISCO KNAPPS	1	001-001-51259	01/01/2015	213636	21364	0	0	0	235000	2	1	0
2	4529027	0	BARGAS GONZALEZ RAMONA	1	001-001-51260	01/01/2015	290909	29091	0	0	0	320000	2	1	0
2	218828	7	CENTRO EDUCATIVO INFANTIL CHIQUI ESPACIO	1	001-001-51261	01/01/2015	181818	18182	0	0	0	200000	2	1	0
2	3404731	0	MONICA LEZCANO	1	001-001-51262	01/01/2015	245455	24545	0	0	0	270000	2	1	0
2	742786	7	BARLEY BAR	1	001-001-51263	01/01/2015	145455	14545	0	0	0	160000	2	1	0
2	80031555	3	CONSORCIO LOS PATRICIOS	1	001-001-51264	01/01/2015	749091	74909	0	0	0	824000	2	1	0
2	80026106	2	BERSOLID S.A.	1	001-001-51265	01/01/2015	154545	15455	0	0	0	170000	2	1	0
2	80031987	7	SUPERMERCADOS ESPAÑA S.A.	1	001-001-51266	01/01/2015	3630000	363000	0	0	0	3993000	2	1	0
2	80027898	4	CAUTION SRL	1	001-001-51267	01/01/2015	818182	81818	0	0	0	900000	2	1	0
2	80046471	0	GRUPO CORTEZA SRL	1	001-001-51268	01/01/2015	490909	49091	0	0	0	540000	2	1	0
2	80044187	7	CLUB DEPORTIVO ALEMAN	1	001-001-51269	01/01/2015	227273	22727	0	0	0	250000	2	1	0
2	80019066	1	NESTLE PARAGUAY S.A.	1	001-001-51270	01/01/2015	363636	36364	0	0	0	400000	2	1	0
2	80063521	3	GAME EMPRENDIMIENTOS SA	1	001-001-51271	01/01/2015	227273	22727	0	0	0	250000	2	1	0
2	80022485	0	COOPEXSANJO	1	001-001-51272	01/01/2015	500000	50000	0	0	0	550000	2	1	0
2	80084794	6	GRUPO PERDOMO SA	1	001-001-51273	01/01/2015	200000	20000	0	0	0	220000	2	1	0
2	80060527	6	CHACOMER AUTOMOTORES SA	1	001-001-51274	01/01/2015	218182	21818	0	0	0	240000	2	1	0
2	80082911	5	GM GROUP S.A.	1	001-001-51275	01/01/2015	200000	20000	0	0	0	220000	2	1	0
2	3666863	0	COSTA DE DE OLIVEIRA GIANE IZABEL	1	001-001-51276	01/01/2015	200000	20000	0	0	0	220000	2	1	0
2	80044355	1	NIRAR SRL	1	001-001-51277	01/01/2015	227273	22727	0	0	0	250000	2	1	0
2	80017731	2	SABATINI BRICEÑO S.A.	1	001-001-51278	01/01/2015	136364	13636	0	0	0	150000	2	1	0
2	80013650	0	SERVOME A.E.M. PY	1	001-001-51279	01/01/2015	227273	22727	0	0	0	250000	2	1	0
2	4894580	3	EMA KARINA GARIBALDI	1	001-001-51280	01/01/2015	181818	18182	0	0	0	200000	2	1	0
2	CD418-3-1109	*	EMBAJADA DE LA UNIÓN EUROPEA	1	001-001-51281	01/01/2015	700000	70000	0	0	0	770000	2	1	0
2	1951014	4	DE HARO FILIPPINI PATRICIA	1	001-001-51282	01/01/2015	200000	20000	0	0	0	220000	2	1	0
2	80068187	8	HOTELES PARAGUAYOS S.A.	1	001-001-51283	01/01/2015	227273	22727	0	0	0	250000	2	1	0
2	80068188	6	DESARROLLOS INMOBILIARIOS HOTELEROS S.A.	1	001-001-51284	01/01/2015	227273	22727	0	0	0	250000	2	1	0
2	1429494	0	ALEJANDRO AGUSTIN DE BRIX	1	001-001-51285	01/01/2015	254545	25455	0	0	0	280000	2	1	0
2	80066184	2	YAMBAL PARAGUAY S.A.	1	001-001-51287	01/01/2015	154545	15455	0	0	0	170000	2	1	0
2	80052895	6	MUNDO PRODUCCIONES SA	1	001-001-51288	01/01/2015	300000	30000	0	0	0	330000	2	1	0
2	1371295	0	ANTONIO TANG	1	001-001-51289	01/01/2015	163636	16364	0	0	0	180000	2	1	0
2	80068186	0	INVERSIONES HOTELERAS DEL PARAGUAY S.A.	1	001-001-51290	01/01/2015	227273	22727	0	0	0	250000	2	1	0
2	2377770	2	SANDRA BEATRIZ MARTINEZ CENTURION	1	001-001-51291	01/01/2015	227273	22727	0	0	0	250000	2	1	0
2	1526545	5	MARIA JULIA RODRIGUEZ	1	001-001-51292	01/01/2015	300000	30000	0	0	0	330000	2	1	0
2	80035614	4	FINE S.A.	1	001-001-51293	01/01/2015	198182	19818	0	0	0	218000	2	1	0
2	1066925	6	TERESA DEJESUS MERELES VILLALBA	1	001-001-51294	01/01/2015	163636	16364	0	0	0	180000	2	1	0
2	3632075	7	JARDIN MATERNAL RAYITO DE LUZ	1	001-001-51295	01/01/2015	227273	22727	0	0	0	250000	2	1	0
2	784823	4	EISENKOLBL MEILI ALFONSO SIGISFREDO	1	001-001-51296	01/01/2015	136364	13636	0	0	0	150000	2	1	0
2	80073522	6	ACG S.R.L.	1	001-001-51297	01/01/2015	154545	15455	0	0	0	170000	2	1	0
2	401141	4	JOSE LUIS MARTINEZ RUIZ DIAZ	1	001-001-51298	01/01/2015	290000	29000	0	0	0	319000	2	1	0
2	80014536	4	COMPAÑIA PANAMERICANA DE SERVICIOS S.A. (COPASSA)	1	001-001-51299	01/01/2015	1300000	130000	0	0	0	1430000	2	1	0
2	80067185	6	ESPACIO SAUSALITO CENTRO DE EVENTOS SA	1	001-001-51300	01/01/2015	200000	20000	0	0	0	220000	2	1	0
2	333236	5	DIONICIA DUARTE	1	001-001-51301	01/01/2015	400000	40000	0	0	0	440000	2	1	0
2	80009769	6	BANCO CENTRAL DEL PARAGUAY	1	001-001-51302	01/01/2015	23636364	2363636	0	0	0	26000000	2	1	0
2	80078657	2	FEREY S.R.L.	1	001-001-51303	01/01/2015	200000	20000	0	0	0	220000	2	1	0
2	1440536	9	CONSULTORO ODONTOLOGICO DRA. VERONICA ESCOBAR	1	001-001-51304	01/01/2015	200000	20000	0	0	0	220000	2	1	0
2	1037519	8	ANDRES EUCLIDES BAEZ LEZCANO	1	001-001-51305	01/01/2015	200000	20000	0	0	0	220000	2	1	0
2	80060068	1	COOP LTDA KOETI	1	001-001-51306	01/01/2015	294000	29400	0	0	0	323400	2	1	0
2	80015056	2	DUTRIEC S.A.	1	001-001-51307	01/01/2015	140000	14000	0	0	0	154000	2	1	0
2	80015569	6	COLONIAL APART S.A.	1	001-001-51308	01/01/2015	380000	38000	0	0	0	418000	2	1	0
2	80019551	5	CADENA FARMACENTER S.A.	1	001-001-51309	01/01/2015	1320000	132000	0	0	0	1452000	2	1	0
2	614089	0	ALBA MARIA CORDERO	1	001-001-51310	01/01/2015	120000	12000	0	0	0	132000	2	1	0
2	4029411	0	PATIN CENTER	1	001-001-51311	01/01/2015	136364	13636	0	0	0	150000	2	1	0
2	80028132	2	EDITORA GRAFICA MARBEN S.A.	1	001-001-51312	01/01/2015	91818	9182	0	0	0	101000	2	1	0
2	80022147	8	SUPERMERCADO VILLA SOFIA	1	001-001-51313	01/01/2015	370000	37000	0	0	0	407000	2	1	0
2	80007301	0	FUND.BANCO DE OJOS FODV	1	001-001-51314	01/01/2015	220000	22000	0	0	0	242000	2	1	0
2	80002742	6	INDEX SACI	1	001-001-51315	01/01/2015	1268182	126818	0	0	0	1395000	2	1	0
2	80007739	3	ESCUELA DE ADMINISTRACION DE NEGOCI	1	001-001-51316	01/01/2015	378182	37818	0	0	0	416000	2	1	0
2	52475	0	ALICIA MOREIRA	1	001-001-51317	01/01/2015	111818	11182	0	0	0	123000	2	1	0
2	80003807	0	UCHIYAMADA S.R.L.	1	001-001-51318	01/01/2015	213636	21364	0	0	0	235000	2	1	0
2	792601	4	MERDEDES FELICITA GALARZA	1	001-001-51319	01/01/2015	330000	33000	0	0	0	363000	2	1	0
2	80001070	1	WABEN S.A.	1	001-001-51320	01/01/2015	250000	25000	0	0	0	275000	2	1	0
2	80045598	3	HERITAGE SRL	1	001-001-51321	01/01/2015	220000	22000	0	0	0	242000	2	1	0
2	05	5	CENTRO CULTURAL JUAN DE SALAZAR	1	001-001-51322	01/01/2015	154545	15455	0	0	0	170000	2	1	0
2	6047353	3	WAGNER DOS SANTOS	1	001-001-51323	01/01/2015	121818	12182	0	0	0	134000	2	1	0
2	80008038	6	PARANA FUNCIONAL SACTI	1	001-001-51324	01/01/2015	1361818	136182	0	0	0	1498000	2	1	0
2	80008915	4	VITAPAN S.R.L.	1	001-001-51325	01/01/2015	860909	86091	0	0	0	947000	2	1	0
2	80028568	9	UNIVERSIDAD DEL NORTE	1	001-001-51326	01/01/2015	3064091	306409	0	0	0	3370500	2	1	0
2	80033651	8	EMBAJADA CRISTIANA	1	001-001-51327	01/01/2015	110000	11000	0	0	0	121000	2	1	0
2	80027653	1	SERENA S.R.L.	1	001-001-51328	01/01/2015	227273	22727	0	0	0	250000	2	1	0
2	80028211	6	J.B.S. PARAGUAY S.A.	1	001-001-51329	01/01/2015	1543636	154364	0	0	0	1698000	2	1	0
2	80005704	0	COOPERATIVA 26 DE ABRIL LTDA	1	001-001-51330	01/01/2015	213636	21364	0	0	0	235000	2	1	0
2	80039013	0	OLD GERMANY S.R.L.	1	001-001-51331	01/01/2015	254545	25455	0	0	0	280000	2	1	0
2	812448	5	DEL ROSARIO GALEANO	1	001-001-51332	01/01/2015	243636	24364	0	0	0	268000	2	1	0
2	1889215-	9	ACHAR APONTE MARIANA (YIPPI YEI)	1	001-001-51333	01/01/2015	213636	21364	0	0	0	235000	2	1	0
2	80001624	6	SUPERMERCADO AVENIDA SRL	1	001-001-51334	01/01/2015	300000	30000	0	0	0	330000	2	1	0
2	80018694	0	RAYMUNDO GERMAN AQUINO SES SA	1	001-001-51335	01/01/2015	2430000	243000	0	0	0	2673000	2	1	0
2	80049649	3	LA NUEVA RECETA S.R.L.	1	001-001-51336	01/01/2015	180000	18000	0	0	0	198000	2	1	0
2	80026530	0	UNIV. DEL PACIFICO	1	001-001-51337	01/01/2015	1272727	127273	0	0	0	1400000	2	1	0
2	80050363	5	FENIX TRAIDING COMPANY	1	001-001-51338	01/01/2015	320909	32091	0	0	0	353000	2	1	0
2	80057425	7	CAPTA S.R.L.	1	001-001-51339	01/01/2015	209091	20909	0	0	0	230000	2	1	0
2	80019708	9	FRIGOMERC S.A.	1	001-001-51340	01/01/2015	2318182	231818	0	0	0	2550000	2	1	0
2	80065091	3	RESIDENCIA SANTA HELENA S.R.L.	1	001-001-51342	01/01/2015	330000	33000	0	0	0	363000	2	1	0
2	80067922	9	SANTA CECILIA SRL	1	001-001-51343	01/01/2015	200000	20000	0	0	0	220000	2	1	0
2	80062993	0	LA ISABELLA S.R.L.	1	001-001-51344	01/01/2015	224545	22455	0	0	0	247000	2	1	0
2	80016038	0	DISTRIBUIDORA CENTRAL S.A.	1	001-001-51345	01/01/2015	307273	30727	0	0	0	338000	2	1	0
2	80019790	9	EMPRENDIMIENTOS NORA RUOTI S.R.L.	1	001-001-51346	01/01/2015	220000	22000	0	0	0	242000	2	1	0
2	80027093	2	N Y H INSTALACIONES INDUSTRIALES S.A.	1	001-001-51348	01/01/2015	309091	30909	0	0	0	340000	2	1	0
2	298400	8	TODO CHAPA	1	001-001-51349	01/01/2015	116364	11636	0	0	0	128000	2	1	0
2	3391640	3	JARDIN AMANECER	1	001-001-51350	01/01/2015	209091	20909	0	0	0	230000	2	1	0
2	80051525	0	MANTRA SA	1	001-001-51351	01/01/2015	213636	21364	0	0	0	235000	2	1	0
2	80007306	1	FERCAP	1	001-001-51352	01/01/2015	390000	39000	0	0	0	429000	2	1	0
2	80060831	3	PRETEC S.A.	1	001-001-51353	01/01/2015	213636	21364	0	0	0	235000	2	1	0
2	80025676	0	OCHO A S.A.	1	001-001-51354	01/01/2015	213636	21364	0	0	0	235000	2	1	0
2	80014386	8	IND.METALURGICA SCHUSSMULLER S.A.	1	001-001-51355	01/01/2015	213636	21364	0	0	0	235000	2	1	0
2	295513	2	EMBUTIDOS APOLLO XI	1	001-001-51356	01/01/2015	136364	13636	0	0	0	150000	2	1	0
2	80038118	1	INDUSTRIA PARAGUAYA DE GASES SRL	1	001-001-51357	01/01/2015	254545	25455	0	0	0	280000	2	1	0
2	80019740	2	GRANJA AVICOLA LA BLANCA	1	001-001-51358	01/01/2015	2409091	240909	0	0	0	2650000	2	1	0
2	80006276	0	FARMACEUTICA PARAGUAYA S.A.	1	001-001-51359	01/01/2015	7925909	792591	0	0	0	8718500	2	1	0
2	80016905	0	PYKASU S.A.	1	001-001-51360	01/01/2015	291818	29182	0	0	0	321000	2	1	0
2	80001812	5	LABORATORIOS INDUFAR CISA	1	001-001-51361	01/01/2015	630000	63000	0	0	0	693000	2	1	0
2	80027139	4	BASE BASE S.A.	1	001-001-51362	01/01/2015	535000	53500	0	0	0	588500	2	1	0
2	575890	4	WILLMS LOWEN FERDINAND	1	001-001-51363	01/01/2015	175455	17545	0	0	0	193000	2	1	0
2	874331	2	RECICLAJE TOTAL	1	001-001-51364	01/01/2015	77273	7727	0	0	0	85000	2	1	0
2	80025545	3	AMERICA NEUMATICOS S.A.	1	001-001-51365	01/01/2015	160909	16091	0	0	0	177000	2	1	0
2	80021071	9	FUNDACION VISION	1	001-001-51366	01/01/2015	428182	42818	0	0	0	471000	2	1	0
2	80003239	0	INDEGA S.A.	1	001-001-51367	01/01/2015	472727	47273	0	0	0	520000	2	1	0
2	80017385	6	FUNDACION KOLPING PARAGUAY	1	001-001-51368	01/01/2015	1123636	112364	0	0	0	1236000	2	1	0
2	80002449	4	GUARANI S.R.L.	1	001-001-51369	01/01/2015	300000	30000	0	0	0	330000	2	1	0
2	343209	2	HERRERIA EL TAURO	1	001-001-51370	01/01/2015	116364	11636	0	0	0	128000	2	1	0
2	701105	9	EL ACERO FABRICA DE TORRES	1	001-001-51373	01/01/2015	136364	13636	0	0	0	150000	2	1	0
2	656465	8	MARIA DEL CARMEN FRETES	1	001-001-51374	01/01/2015	95455	9545	0	0	0	105000	2	1	0
2	80013964	0	GRAFITEC S.A.	1	001-001-51375	01/01/2015	645455	64545	0	0	0	710000	2	1	0
2	80006991	9	BAUPLAST SRL	1	001-001-51376	01/01/2015	189091	18909	0	0	0	208000	2	1	0
2	80072563	8	SEVEN PARAGUAY GROUP S.A.	1	001-001-51377	01/01/2015	213636	21364	0	0	0	235000	2	1	0
2	80062317	7	INTERPAN S.A.	1	001-001-51378	01/01/2015	200000	20000	0	0	0	220000	2	1	0
2	80004485	1	CENTRO TEC.DE ARTES GRAFICAS	1	001-001-51379	01/01/2015	436364	43636	0	0	0	480000	2	1	0
2	80002271	8	PANADERIA LA NEGRITA S.R.L.	1	001-001-51380	01/01/2015	318182	31818	0	0	0	350000	2	1	0
2	80017033	4	QUIMALFA	1	001-001-51381	01/01/2015	213636	21364	0	0	0	235000	2	1	0
2	80007167	0	POLLPAR S.A.	1	001-001-51382	01/01/2015	3599091	359909	0	0	0	3959000	2	1	0
2	80020196	5	INTERDENIM SACI	1	001-001-51383	01/01/2015	633636	63364	0	0	0	697000	2	1	0
2	80006249	3	EL CORRAL	1	001-001-51384	01/01/2015	213636	21364	0	0	0	235000	2	1	0
2	80003308	6	ENVAPAR SA	1	001-001-51385	01/01/2015	1227273	122727	0	0	0	1350000	2	1	0
2	1028988	7	ANGE VIC*S EVENTOS	1	001-001-51386	01/01/2015	190909	19091	0	0	0	210000	2	1	0
2	80015318	9	METALOR SACI	1	001-001-51387	01/01/2015	175455	17545	0	0	0	193000	2	1	0
2	80020196	5	INTERDENIM SACI	1	001-001-51388	01/01/2015	641818	64182	0	0	0	706000	2	1	0
2	894086	0	PANADERIA Y CONFITERIA JOSEFINA	1	001-001-51389	01/01/2015	109091	10909	0	0	0	120000	2	1	0
2	80029005	4	HCO SRL	1	001-001-51391	01/01/2015	213636	21364	0	0	0	235000	2	1	0
2	80063087	4	IMAR S.R.L.	1	001-001-51392	01/01/2015	175455	17545	0	0	0	193000	2	1	0
2	770818	1	SERVICIO ODONTOLOGICO SAN ISIDRO	1	001-001-51393	01/01/2015	82727	8273	0	0	0	91000	2	1	0
2	4572482	7	VICENTE FERREIRA COMERCIAL	1	001-001-51394	01/01/2015	82727	8273	0	0	0	91000	2	1	0
2	80012289	5	MODERNA CONFECCIONES S.A.	1	001-001-51395	01/01/2015	400000	40000	0	0	0	440000	2	1	0
2	80025892	4	LA MEGA SA	1	001-001-51396	01/01/2015	660000	66000	0	0	0	726000	2	1	0
2	80011606	2	IMPACTO S.A.	1	001-001-51397	01/01/2015	660000	66000	0	0	0	726000	2	1	0
2	80015056	2	DUTRIEC S.A.	1	001-001-51398	01/01/2015	330000	33000	0	0	0	363000	2	1	0
2	80079073	1	TU ESPACIO S.A.	1	001-001-51400	01/01/2015	68182	6818	0	0	0	75000	2	1	0
2	80006251	1	EMBOTELLADORA CENTRAL SACI	1	001-001-51401	01/01/2015	440000	44000	0	0	0	484000	2	1	0
2	691445	4	TORNERIA ARROYO	1	001-001-51402	01/01/2015	116364	11636	0	0	0	128000	2	1	0
2	3394900	0	LOS AMIGOS FAST FOOD	1	001-001-51403	01/01/2015	77273	7727	0	0	0	85000	2	1	0
2	80060228	5	EL CHATARRERO S.A.	1	001-001-51404	01/01/2015	155455	15545	0	0	0	171000	2	1	0
2	80070133	0	INDUSTRIAS MHETRO S.A.	1	001-001-51405	01/01/2015	235455	23545	0	0	0	259000	2	1	0
2	4274923	9	CONFITERIA DULCES Y SALADOS	1	001-001-51406	01/01/2015	126364	12636	0	0	0	139000	2	1	0
2	80004186	0	WILHELM SACIAG	1	001-001-51407	01/01/2015	82727	8273	0	0	0	91000	2	1	0
2	80078334	4	METALURGICA FUENTES	1	001-001-51408	01/01/2015	126364	12636	0	0	0	139000	2	1	0
2	80015914	4	LABORATORIOS GALENO S.A.	1	001-001-51409	01/01/2015	554545	55455	0	0	0	610000	2	1	0
2	80019470	5	BLUE DESIGN S.A.	1	001-001-51410	01/01/2015	880000	88000	0	0	0	968000	2	1	0
2	609091	5	ELECTROMOTOR	1	001-001-51411	01/01/2015	126364	12636	0	0	0	139000	2	1	0
2	80000146	0	LABORATORIOS ETICOS S.A.	1	001-001-51412	01/01/2015	750000	75000	0	0	0	825000	2	1	0
2	80084373	8	MV ACEROS S.A.	1	001-001-51413	01/01/2015	2428182	242818	0	0	0	2671000	2	1	0
2	80013551	2	METALURGICA VERA SRL	1	001-001-51414	01/01/2015	4100000	410000	0	0	0	4510000	2	1	0
2	80066172	9	T&G SERVICE SRL	1	001-001-51415	01/01/2015	356364	35636	0	0	0	392000	2	1	0
2	80010758	6	PARMALAT PARAGUAY S.A.	1	001-001-51416	01/01/2015	736364	73636	0	0	0	810000	2	1	0
2	80052859	0	VIVE S.A.	1	001-001-51417	01/01/2015	457273	45727	0	0	0	503000	2	1	0
2	1013452-	2	LUBRICANTES Y BULONES EN GENERAL	1	001-001-51418	01/01/2015	107273	10727	0	0	0	118000	2	1	0
2	80008761	5	CONPAR S.A.	1	001-001-51419	01/01/2015	220000	22000	0	0	0	242000	2	1	0
2	80016252	8	LUXACRIL S.A.	1	001-001-51420	01/01/2015	428182	42818	0	0	0	471000	2	1	0
2	80029231	6	SUPERMERCADO DIEFER SRL	1	001-001-51421	01/01/2015	439091	43909	0	0	0	483000	2	1	0
2	80057116	9	PAPA GOL	1	001-001-51422	01/01/2015	210000	21000	0	0	0	231000	2	1	0
2	80058491	0	TECCON S.A.	1	001-001-51423	01/01/2015	213636	21364	0	0	0	235000	2	1	0
2	80033062	5	CLUB GENERAL DIAZ	1	001-001-51424	01/01/2015	1850000	185000	0	0	0	2035000	2	1	0
2	80025316	7	CENTRO D INSTRUCCION CATALINA SASSA	1	001-001-51425	01/01/2015	330909	33091	0	0	0	364000	2	1	0
2	80002367	6	AMANECER S.A.	1	001-001-51426	01/01/2015	450000	45000	0	0	0	495000	2	1	0
2	80035652	7	CLUB SUBOFICIALES POLICIA NACIONAL	1	001-001-51427	01/01/2015	700000	70000	0	0	0	770000	2	1	0
2	80020196	5	INTERDENIM S.A.C.I.	1	001-001-51428	01/01/2015	440000	44000	0	0	0	484000	2	1	0
2	80047025	7	ENGINEERING S.A.	1	001-001-51429	01/01/2015	213636	21364	0	0	0	235000	2	1	0
2	80008656	2	NEUMATICOS ASUNCION SRL	1	001-001-51430	01/01/2015	193636	19364	0	0	0	213000	2	1	0
2	80028994	3	CREMASUN S.A.	1	001-001-51431	01/01/2015	790909	79091	0	0	0	870000	2	1	0
2	80057138	0	TAPE LOGISTICA S.A.	1	001-001-51432	01/01/2015	154545	15455	0	0	0	170000	2	1	0
2	80010556	7	CLUB INTERNACIONAL DE TENIS	1	001-001-51433	01/01/2015	6095455	609545	0	0	0	6705000	2	1	0
2	80023482	0	ITV S.A. IVESUR	1	001-001-51434	01/01/2015	227273	22727	0	0	0	250000	2	1	0
2	80014552	6	TAPE RUVICHA S.A.E.C.A.	1	001-001-51435	01/01/2015	847273	84727	0	0	0	932000	2	1	0
2	4913377	2	DIRCEU SANTOS D*AVILA	1	001-001-51436	01/01/2015	176364	17636	0	0	0	194000	2	1	0
2	4913377	2	ODONTO ANDRAUS CLINICA ODONTOLOGICA	1	001-001-51437	01/01/2015	163636	16364	0	0	0	180000	2	1	0
2	80040683	4	SURCOS DE AMERICA S.A.	1	001-001-51438	01/01/2015	1618182	161818	0	0	0	1780000	2	1	0
2	401833	8	EVANGELISTA MARIA GLORIA	1	001-001-51439	01/01/2015	210000	21000	0	0	0	231000	2	1	0
2	80038570	5	FUNDACION TELETON	1	001-001-51440	01/01/2015	483636	48364	0	0	0	532000	2	1	0
2	80048896	2	BIG BOX SRL	1	001-001-51441	01/01/2015	344545	34455	0	0	0	379000	2	1	0
2	80073323	1	CONSORCIO TECNOEDIL S.A.- HEISECKE S.A. - 8A S.A.	1	001-001-51444	01/01/2015	500000	50000	0	0	0	550000	2	1	0
2	80050146	2	RCF SPORT S.A.	1	001-001-51445	01/01/2015	2590909	259091	0	0	0	2850000	2	1	0
2	80020196	5	INTERDENIM S.A.C.I.	1	001-001-51446	01/01/2015	600000	60000	0	0	0	660000	2	1	0
2	4216719	1	FERMIN OVIEDO GIMENEZ	1	001-001-51447	01/01/2015	163636	16364	0	0	0	180000	2	1	0
2	1507715	2	NELSON GUSTAVO AGUERO	1	001-001-51448	01/01/2015	127273	12727	0	0	0	140000	2	1	0
2	80030321	0	TECNOPLUS INGENERIA	1	001-001-51449	01/01/2015	675000	67500	0	0	0	742500	2	1	0
2	80026058	9	CENTRAL DE LA CARNE CONCEPCION SA	1	001-001-51450	01/01/2015	440000	44000	0	0	0	484000	2	1	0
2	902002	0	RECTISUR	1	001-001-51451	01/01/2015	109091	10909	0	0	0	120000	2	1	0
2	2096278	9	R 2 B	1	001-001-51452	01/01/2015	127273	12727	0	0	0	140000	2	1	0
2	80068683	0	INSTITUTO SUPERIOR INTERREGIONAL	1	001-001-51453	01/01/2015	1636364	163636	0	0	0	1800000	2	1	0
2	80021994	5	FLORENTIN E HIJOS S.A.	1	001-001-51454	01/01/2015	243182	24318	0	0	0	267500	2	1	0
2	1797179	9	DOS TOQUES	1	001-001-51455	01/01/2015	163636	16364	0	0	0	180000	2	1	0
2	1875295	0	ELENA GUERRERO FLEITAS	1	001-001-51456	01/01/2015	200000	20000	0	0	0	220000	2	1	0
2	80029175	1	METALES DEL PARAGUAY S.A.	1	001-001-51457	01/01/2015	227273	22727	0	0	0	250000	2	1	0
2	80044295	4	BIMBO PARAGUAY SA	1	001-001-51458	01/01/2015	3427273	342727	0	0	0	3770000	2	1	0
2	3572681	4	PATRICIA MARIA FRETES ALLENDE	1	001-001-51459	01/01/2015	436364	43636	0	0	0	480000	2	1	0
2	80003232	2	FRIGORICO GUARANI S.A.	1	001-001-51460	01/01/2015	2290909	229091	0	0	0	2520000	2	1	0
2	80082845	3	SSPE SA	1	001-001-51461	01/01/2015	450000	45000	0	0	0	495000	2	1	0
2	387251	3	LA PAULINA	1	001-001-51462	01/01/2015	163636	16364	0	0	0	180000	2	1	0
2	761836	0	SANTA TERESA MARMOLERIA	1	001-001-51463	01/01/2015	163636	16364	0	0	0	180000	2	1	0
2	80010556	7	CLUB INTERNACIONAL DE TENIS	1	001-001-51464	01/01/2015	6450000	645000	0	0	0	7095000	2	1	0
2	3634169	0	HOGAR PABLITO	1	001-001-51465	01/01/2015	440000	44000	0	0	0	484000	2	1	0
2	80068261	0	REFLEX S.A.	1	001-001-51466	01/01/2015	243636	24364	0	0	0	268000	2	1	0
2	80027974	3	PREMIX S.A.	1	001-001-51467	01/01/2015	421818	42182	0	0	0	464000	2	1	0
2	80051944	2	INTERMIX S.A.	1	001-001-51468	01/01/2015	14545	1455	0	0	0	16000	2	1	0
2	80070061	9	ACERMIX S.A.	1	001-001-51469	01/01/2015	101818	10182	0	0	0	112000	2	1	0
2	80046182	7	HORMIX S.A.	1	001-001-51470	01/01/2015	29091	2909	0	0	0	32000	2	1	0
2	80015191	7	CONCRETEC S.A.	1	001-001-51471	01/01/2015	72727	7273	0	0	0	80000	2	1	0
2	1841898	8	MIAGYM INFANTO/JUVENIL	1	001-001-51472	01/01/2015	154545	15455	0	0	0	170000	2	1	0
2	80008431	4	KEMSA C.I.S.A.	1	001-001-51473	01/01/2015	4522727	452273	0	0	0	4975000	2	1	0
2	1690493	1	FELISITA GODOY AYALA	1	001-001-51474	01/01/2015	154545	15455	0	0	0	170000	2	1	0
2	3021617	6	SILVINO GUERRERO GONZALEZ	1	001-001-51475	01/01/2015	136364	13636	0	0	0	150000	2	1	0
2	80002560	1	HIERRO MATT S.A.C.I.	1	001-001-51476	01/01/2015	600000	60000	0	0	0	660000	2	1	0
2	3761748	6	POYOS	1	001-001-51477	01/01/2015	163636	16364	0	0	0	180000	2	1	0
2	80013257	2	UTIC	1	001-001-51478	01/01/2015	909091	90909	0	0	0	1000000	2	1	0
2	929808	8	EVENTOS ROMER	1	001-001-51479	01/01/2015	118182	11818	0	0	0	130000	2	1	0
2	3988123	7	LINDA CLARA SILVERO GAMARRA	1	001-001-51480	01/01/2015	200000	20000	0	0	0	220000	2	1	0
2	80025642	5	LA INDUSTRIAL S.R.L.	1	001-001-51481	01/01/2015	181818	18182	0	0	0	200000	2	1	0
2	2299773	3	AYALA AURELIANO HIDALGO	1	001-001-51482	01/01/2015	118182	11818	0	0	0	130000	2	1	0
2	4790875	0	PASTAS MEDINA	1	001-001-51483	01/01/2015	154545	15455	0	0	0	170000	2	1	0
2	80001446	4	VICENTE SCAVONE & CIA C. e I. S.A.	1	001-001-51484	01/01/2015	1100000	110000	0	0	0	1210000	2	1	0
2	2465524	4	LA CHAQUEÑA	1	001-001-51486	01/01/2015	127273	12727	0	0	0	140000	2	1	0
2	967317	2	CENTRO COMERCIAL AO PORA	1	001-001-51487	01/01/2015	109091	10909	0	0	0	120000	2	1	0
2	80020196	5	INTERDENIM SACI	1	001-001-51488	01/01/2015	1800000	180000	0	0	0	1980000	2	1	0
2	3564354	4	MADERERA EL TREBOL	1	001-001-51489	01/01/2015	154545	15455	0	0	0	170000	2	1	0
2	2478731	0	ODONTO ORAL DECING	1	001-001-51490	01/01/2015	200000	20000	0	0	0	220000	2	1	0
2	80065795	0	G Y G	1	001-001-51491	01/01/2015	250000	25000	0	0	0	275000	2	1	0
2	80005623	0	BENITO ROGGIO E HIJOS S.A.	1	001-001-51492	01/01/2015	192727	19273	0	0	0	212000	2	1	0
2	577973	1	BELVEDERE DE RAUL BIGORDA	1	001-001-51493	01/01/2015	194545	19455	0	0	0	214000	2	1	0
2	80001669	6	BUENA SUERTE S.A.	1	001-001-51494	01/01/2015	208182	20818	0	0	0	229000	2	1	0
2	80086990	7	FERRETERIA INTERNACIONAL DEL PARAGUAY SACI	1	001-001-51495	01/01/2015	120000	12000	0	0	0	132000	2	1	0
2	80066703	4	TIO KOKO S.A.	1	001-001-51496	01/01/2015	245455	24545	0	0	0	270000	2	1	0
2	80021980	5	MATERIALES ELECTRICOS S.A.	1	001-001-51497	01/01/2015	111818	11182	0	0	0	123000	2	1	0
2	80029718	0	ASOCIACION DE CRISTIANOS UNIDOS	1	001-001-51498	01/01/2015	170000	17000	0	0	0	187000	2	1	0
2	80022629	1	GODS PAN	1	001-001-51499	01/01/2015	727273	72727	0	0	0	800000	2	1	0
2	80069676	0	J ROMAN S.A.	1	001-001-51500	01/01/2015	548182	54818	0	0	0	603000	2	1	0
2	80069828	2	MARCOS ROMAN SA	1	001-001-51501	01/01/2015	360000	36000	0	0	0	396000	2	1	0
2	80034162	7	DAPAR S.A.	1	001-001-51502	01/01/2015	127273	12727	0	0	0	140000	2	1	0
2	80016282	0	MBN SERVICE SA	1	001-001-51504	01/01/2015	150000	15000	0	0	0	165000	2	1	0
2	80002740	0	ALEX SA	1	001-001-51505	01/01/2015	1031818	103182	0	0	0	1135000	2	1	0
2	80032469	2	COSTA ZANELLA SRL	1	001-001-51506	01/01/2015	3181818	318182	0	0	0	3500000	2	1	0
2	80064387	9	ISLA ALTA S.A.	1	001-001-51507	01/01/2015	320909	32091	0	0	0	353000	2	1	0
2	80000144	3	SAN FRANCISCO S.A.	1	001-001-51508	01/01/2015	428182	42818	0	0	0	471000	2	1	0
2	1166920	9	GIMNASIO FORMA VITAL	1	001-001-51509	01/01/2015	149091	14909	0	0	0	164000	2	1	0
2	80013744	2	CHACOMER S.A.E.	1	001-001-51511	01/01/2015	857945	85795	0	0	0	943740	2	1	0
2	80013744	2	CHACOMER SAE	1	001-001-51512	01/01/2015	218182	21818	0	0	0	240000	2	1	0
2	80060527	6	CHACOMER AUTOMOTORES S.A.	1	001-001-51513	01/01/2015	218182	21818	0	0	0	240000	2	1	0
2	80003400	7	PARAGUAY REFRESCOS S.A.	1	001-001-51514	01/01/2015	14590909	1459091	0	0	0	16050000	2	1	0
2	80013744	2	CHACOMER SAE	1	001-001-51515	01/01/2015	218182	21818	0	0	0	240000	2	1	0
2	80002201	7	BANCO ITAU PARAGUAY SA	1	001-001-51516	01/01/2015	6363636	636364	0	0	0	7000000	2	1	0
2	80067068	0	BOURBON HOSPITALIDAD S.A.	1	001-001-51517	01/01/2015	800000	80000	0	0	0	880000	2	1	0
2	80067068	0	BOURBON HOSPITALIDAD SA	1	001-001-51518	01/01/2015	400000	40000	0	0	0	440000	2	1	0
2	80013744	2	CHACOMER SAE	1	001-001-51520	01/01/2015	218182	21818	0	0	0	240000	2	1	0
2	80013744	2	CHACOMER S.A.E.	1	001-001-51521	01/01/2015	3500000	350000	0	0	0	3850000	2	1	0
2	80013744	2	CHACOMER S.A.E.	1	001-001-51522	01/01/2015	163636	16364	0	0	0	180000	2	1	0
2	80013744	2	CHACOMER S.A.E.	1	001-001-51523	01/01/2015	218182	21818	0	0	0	240000	2	1	0
2	80013744	2	CHACOMER S.A.E.	1	001-001-51524	01/01/2015	500000	50000	0	0	0	550000	2	1	0
2	80013712	4	COMAGRO S.A.E.	1	001-001-51525	01/01/2015	218182	21818	0	0	0	240000	2	1	0
2	80013744	2	CHACOMER SAE	1	001-001-51526	01/01/2015	218182	21818	0	0	0	240000	2	1	0
2	80016120	3	O.A.M.I.	1	001-001-52929	01/01/2015	5525455	552545	0	0	0	6078000	2	1	0
2	80002917	8	SANTA CLARA S.A. CENTRO MEDICO PRIVADO	1	001-001-52930	01/01/2015	118182	11818	0	0	0	130000	2	1	0
2	80024129	0	MEDITAL S.A.	1	001-001-52931	01/01/2015	4038182	403818	0	0	0	4442000	2	1	0
2	80024628	4	SALUD PROTEGIDA-ODONTOMEDICA S.A.	1	001-001-52932	01/01/2015	18545455	1854545	0	0	0	20400000	2	1	0
2	80023119	8	CEMEP	1	001-001-52933	01/01/2015	127273	12727	0	0	0	140000	2	1	0
2	80027621	3	CLUB CENTENARIO	1	001-001-56778	01/01/2015	93000	9300	0	0	0	102300	2	1	0
2	80004001	5	P.P.P.P. S.A.	1	001-001-56781	01/01/2015	442727	44273	0	0	0	487000	2	1	0
2	80022978	9	HOGAR SANTA CLARA SRL	1	001-001-56783	01/01/2015	203636	20364	0	0	0	224000	2	1	0
2	80031571	5	CONG.RELIG.MA.INMACULADA	1	001-001-56784	01/01/2015	68455	6845	0	0	0	75300	2	1	0
2	80015005	8	PERFECTA AUTOMOTORES S.A.	1	001-001-56785	01/01/2015	1066273	106627	0	0	0	1172900	2	1	0
2	80029016	0	BOTICA MAGISTRAL S.A.	1	001-001-56786	01/01/2015	1907273	190727	0	0	0	2098000	2	1	0
2	80025230	6	MARGATTI	1	001-001-56787	01/01/2015	92000	9200	0	0	0	101200	2	1	0
2	80002348	0	PROFARCO	1	001-001-56788	01/01/2015	485273	48527	0	0	0	533800	2	1	0
2	80022691	7	EL SAMARITANO	1	001-001-56789	01/01/2015	451364	45136	0	0	0	496500	2	1	0
2	80025088	5	SAN ANTONIO ISMSTE S.A.	1	001-001-56790	01/01/2015	467727	46773	0	0	0	514500	2	1	0
2	80009699	1	DISTRIBUCION Y TRANSPORTE	1	001-001-56791	01/01/2015	158727	15873	0	0	0	174600	2	1	0
2	80022688	7	RACKS GROUP S.A.	1	001-001-56792	01/01/2015	361273	36127	0	0	0	397400	2	1	0
2	80019394	6	SERPAR S.A.	1	001-001-56793	01/01/2015	898636	89864	0	0	0	988500	2	1	0
2	80005999	9	COOP.MUL.BARRIOJARENSE LIMITADA	1	001-001-56794	01/01/2015	247000	24700	0	0	0	271700	2	1	0
2	80021736	5	DISTRIBUIDORA DIRIGIDA S.A.	1	001-001-56795	01/01/2015	816000	81600	0	0	0	897600	2	1	0
2	80030715	1	ASOC.EMPL.DE FARMACENTER	1	001-001-56796	01/01/2015	334545	33455	0	0	0	368000	2	1	0
2	80024966	6	DIMGESA	1	001-001-56797	01/01/2015	200455	20045	0	0	0	220500	2	1	0
2	80040323	1	CAMAQ S.A.	1	001-001-56798	01/01/2015	81818	8182	0	0	0	90000	2	1	0
2	80028954	4	AJUPECANDE	1	001-001-56799	01/01/2015	3729091	372909	0	0	0	4102000	2	1	0
2	80030347	4	MIMBI S.A.	1	001-001-56800	01/01/2015	990000	99000	0	0	0	1089000	2	1	0
2	80015479	7	OKAMOTO S.R.L.	1	001-001-56801	01/01/2015	198818	19882	0	0	0	218700	2	1	0
2	80026056	2	ACCECORT S.R.L.	1	001-001-56802	01/01/2015	268182	26818	0	0	0	295000	2	1	0
2	80005877	1	MAEHARA S.A.A.C.I.	1	001-003-008518	02/01/2015	299091	29909	0	0	0	329000	2	1	0
2	2167685	2	MARIA DE JESUS ROLON FLEITAS	1	001-003-009699	02/01/2015	209091	20909	0	0	0	230000	2	1	0
2	80065091	3	RESIDENCIA SANTA HELENA S.R.L.	1	001-003-010012	02/01/2015	172727	17273	0	0	0	190000	2	1	0
2	4804660	4	SEGUNDO HOGAR DE ANCIANOS	1	001-003-010329	02/01/2015	254545	25455	0	0	0	280000	2	1	0
2	80022978	9	HOGAR SANTA CLARA SRL	1	001-003-010032	05/01/2015	95455	9545	0	0	0	105000	2	1	0
2	80026943	8	COL. INTERNACIONAL  222637	1	001-003-010471	05/01/2015	13935606	1393561	0	0	0	15329167	2	1	0
2	80024628	4	SALUD PROTEGIDA-ODONTOMEDICA S.A.	1	001-003-010481	05/01/2015	159091	15909	0	0	0	175000	2	1	0
2	80027326	5	MANPOWER PARAGUAY S.R.L.	1	001-003-009700	06/01/2015	600000	60000	0	0	0	660000	2	1	0
2	645940	4	MARIA ELIZABETH BRIZUELA	1	001-003-009738	06/01/2015	120000	12000	0	0	0	132000	2	1	0
2	614089	0	ALBA MARIA CORDERO	1	001-003-009739	06/01/2015	120000	12000	0	0	0	132000	2	1	0
2	80016120	3	O.A.M.I.	1	001-003-010485	07/01/2015	154545	15455	0	0	0	170000	2	1	0
2	80023379	4	LABORATORIOS LIBRA PARAGUAY S.A.	1	001-003-010295	08/01/2015	95455	9545	0	0	0	105000	2	1	0
2	80023379	4	LABORATORIOS LIBRA PARAGUAY S.A.	1	001-003-010300	10/01/2015	95455	9545	0	0	0	105000	2	1	0
2	80028954	4	AJUPECANDE	1	001-003-010582	11/01/2015	95455	9545	0	0	0	105000	2	1	0
2	80016120	3	O.A.M.I.	1	001-003-010489	13/01/2015	95455	9545	0	0	0	105000	2	1	0
2	792601	4	MERDEDES FELICITA GALARZA	1	001-003-009747	14/01/2015	300000	30000	0	0	0	330000	2	1	0
2	80021627	0	PLASTIFOAM S.A.	1	001-003-010148	15/01/2015	500000	50000	0	0	0	550000	2	1	0
2	80023379	4	LABORATORIOS LIBRA PARAGUAY S.A.	1	001-003-010588	15/01/2015	172727	17273	0	0	0	190000	2	1	0
2	80009085	3	ELECTROPAR S.A.	1	001-001-52997	15/01/2015	1045455	104545	0	0	0	1150000	2	1	0
2	80016120	3	O.A.M.I.	1	001-003-010491	16/01/2015	276000	27600	0	0	0	303600	2	1	0
2	80006450	0	TARJETA DE CREDITO	1	001-003-010545	16/01/2015	12421327	1242133	0	0	0	13663460	2	1	0
2	2356158	0	RB FITNESS	1	001-003-010589	16/01/2015	172727	17273	0	0	0	190000	2	1	0
2	80002040	5	REYVA SRL	1	001-003-010590	16/01/2015	154545	15455	0	0	0	170000	2	1	0
2	12994332	2	ROMERO CANTERO IGNACIO	1	001-003-010601	16/01/2015	100000	10000	0	0	0	110000	2	1	0
2	80024628	4	SALUD PROTEGIDA-ODONTOMEDICA S.A.	1	001-003-010492	17/01/2015	127273	12727	0	0	0	140000	2	1	0
2	80022978	9	HOGAR SANTA CLARA SRL	1	001-003-010591	18/01/2015	95455	9545	0	0	0	105000	2	1	0
2	80025826	6	MTEL PARAGUAY S.A.	1	001-001-024210	19/01/2015	1045455	104545	0	0	0	1150000	2	1	10757303
2	80060068	1	COOP LTDA KOETI	1	001-003-010151	19/01/2015	13200	1320	0	0	0	14520	2	1	0
2	80007167	0	POLLPAR S.A.	1	001-001-53037	20/01/2015	630000	63000	0	0	0	693000	2	1	0
2	80010556	7	CLUB INTERNACIONAL DE TENIS	1	001-001-53038	20/01/2015	2038909	203891	0	0	0	2242800	2	1	0
2	80010556	7	CLUB INTERNACIONAL DE TENIS	1	001-001-53039	20/01/2015	9198636	919864	0	0	0	10118500	2	1	0
2	80067836	2	AIRE FRIO S.A.	1	001-003-010602	21/01/2015	136364	13636	0	0	0	150000	2	1	0
2	80024129	0	MEDITAL S.A.	1	001-003-010762	21/01/2015	188182	18818	0	0	0	207000	2	1	0
2	80024129	0	MEDITAL S.A.	1	001-003-010764	22/01/2015	188182	18818	0	0	0	207000	2	1	0
2	80032491	9	AFEMEC	1	001-001-53061	22/01/2015	6000000	600000	0	0	0	6600000	2	1	0
2	80032491	9	AFEMEC	1	001-001-53062	22/01/2015	700000	70000	0	0	0	770000	2	1	0
2	80032491	9	AFEMEC	1	001-001-53063	22/01/2015	636364	63636	0	0	0	700000	2	1	0
2	80007678	8	CENTRO OFTALMOLOGICO DE DIAG. Y TRAT. S.A.	1	001-001-53064	22/01/2015	1425000	142500	0	0	0	1567500	2	1	0
2	80024129	0	MEDITAL S.A.	1	001-003-010765	23/01/2015	188182	18818	0	0	0	207000	2	1	0
2	80065091	3	RESIDENCIA SANTA HELENA S.R.L.	1	001-003-010735	24/01/2015	95455	9545	0	0	0	105000	2	1	0
2	80016120	3	O.A.M.I.	1	001-003-010736	26/01/2015	170909	17091	0	0	0	188000	2	1	0
2	80067922	9	SANTA CECILIA SRL	1	001-003-010039	27/01/2015	72727	7273	0	0	0	80000	2	1	0
2	80002768	0	SOLFRIO S.A.	1	001-003-010603	27/01/2015	163636	16364	0	0	0	180000	2	1	0
2	80020965	6	COOPERATIVA VILLA MORRA LTDA	1	001-003-010748	27/01/2015	400000	40000	0	0	0	440000	2	1	0
2	816348	0	SHIE-SHIE	1	001-003-010604	28/01/2015	200000	20000	0	0	0	220000	2	1	0
2	80006450	0	TARJETA DE CREDITO	1	001-003-010554	30/01/2015	364727	36473	0	0	0	401200	2	1	0
2	80006450	0	TARJETA DE CREDITO	1	001-003-010555	30/01/2015	160136	16014	0	0	0	176150	2	1	0
2	80016120	3	O.A.M.I.	1	001-003-010655	30/01/2015	95455	9545	0	0	0	105000	2	1	0
2	80013744	2	CHACOMER S.A.E.	1	001-001-25318	30/01/2015	654545	65455	0	0	0	720000	2	1	0
2	80013744	2	CHACOMER S.A.E.	1	001-001-25463	30/01/2015	218182	21818	0	0	0	240000	2	1	0
2	809500	0	HUGO VALDEZ	1	001-001-25502	30/01/2015	1595455	159545	0	0	0	1755000	2	1	0
2	80067068	0	BOURBON HOSPITALIDAD SA	1	001-001-26361	30/01/2015	1926364	192636	0	0	0	2119000	2	1	0
2	80067068	0	BOURBON HOSPITALIDAD SA	1	001-001-26363	30/01/2015	80000	8000	0	0	0	88000	2	1	0
2	80012246	1	BDO AUDITORES Y CONSULTORES	1	001-001-26365	30/01/2015	163636	16364	0	0	0	180000	2	1	0
2	80072591	3	CENTRO MONSEÑOR BOGARIN	1	001-001-26692	30/01/2015	1600000	160000	0	0	0	1760000	2	1	0
2	80029733	4	CLUB OLIMPIA	1	001-003-010757	31/01/2015	1090909	109091	0	0	0	1200000	2	1	0
2	80032491	9	AFEMEC	1	001-001-56776	31/01/2015	235636	23564	0	0	0	259200	2	1	0
2	80015363	4	ASOC.MUTUAL PERSONAL DE ANDE	1	001-001-56777	31/01/2015	114400	11440	0	0	0	125840	2	1	0
2	80025780	4	ASOC.EMP.DEL B.N.F.	1	001-001-56779	31/01/2015	270955	27095	0	0	0	298050	2	1	0
2	80027980	8	ASOCIACION DE MAGISTRADOS DEL PARAGUAY	1	001-001-56803	31/01/2015	937273	93727	0	0	0	1031000	2	1	0
2	80029126	3	ASOC. DE EMP. DEL MINISTERIO DE DEFENSA NACIONAL	1	001-001-56804	31/01/2015	436364	43636	0	0	0	480000	2	1	0
2	44444401	7	Importes Consolidados	0	0	31/01/2015	217249900	21724990	0	0	100500	239075390	1	0	0
